<div class="container">

<table style="width: 100%;"><tr>
<td>ipndacw</td>
<td style="text-align: right;">R Documentation</td>
</tr></table>
<h2>Compute inner product matrix of discrete non-decimated autocorrelation wavelets.</h2>

<h3>Description</h3>

<p>This function computes the inner product matrix of discrete non-decimated autocorrelation wavelets. 
</p>


<h3>Usage</h3>

<pre><code class="language-R">ipndacw(J, filter.number = 10, family = "DaubLeAsymm", tol = 1e-100, verbose
         = FALSE, ...)
</code></pre>


<h3>Arguments</h3>

<table>
<tr style="vertical-align: top;">
<td><code>J</code></td>
<td>
<p>Dimension of inner product matrix required. This number should be a negative integer.</p>
</td>
</tr>
<tr style="vertical-align: top;">
<td><code>filter.number</code></td>
<td>
<p>The index of the wavelet used to compute the inner product matrix.</p>
</td>
</tr>
<tr style="vertical-align: top;">
<td><code>family</code></td>
<td>
<p>The family of wavelet used to compute the inner product matrix.</p>
</td>
</tr>
<tr style="vertical-align: top;">
<td><code>tol</code></td>
<td>
<p>In the brute force computation for Daubechies compactly supported wavelets many inner product computations are performed. This tolerance discounts any results which are smaller than <code>tol</code> which effectively defines how long the inner product/autocorrelation products are.</p>
</td>
</tr>
<tr style="vertical-align: top;">
<td><code>verbose</code></td>
<td>
<p>If <code>TRUE</code> then informative messages are printed. Some of these can be quite fun as the function tells you whether precomputed matrices are being used, how much computation needs to be done and so forth. </p>
</td>
</tr>
<tr style="vertical-align: top;">
<td><code>...</code></td>
<td>
<p>any other arguments</p>
</td>
</tr>
</table>
<h3>Details</h3>

<p>This function computes the inner product matrix of the discrete non-decimated autocorrelation wavelets. This matrix is used to correct the wavelet periodogram as a step to turning it into a evolutionary wavelet spectral estimate. The matrix returned by ipndacw is the one called A in the paper by Nason, von Sachs and Kroisandt. 
</p>
<p>For the Haar wavelet the matrix is computed by using the analytical formulae in the paper by Nason, von Sachs and Kroisandt and is hence very fast and efficient and can be used for large values of -J. 
</p>
<p>For other Daubechies compactly supported wavelets the matrix is computed directly by autocorrelating discrete non-decimated wavelets at different scales and then forming the inner products of these. A function that computes the autocorrelation wavelets themselves is <code>PsiJ</code>. This <em>brute force</em> computation is slow and memory inefficient hence <code>ipndacw</code> contains a mechanism that stores any inner product matrix that it creates according to a naming scheme defined by the convention defined in <code>rmname</code>. The stored matrices are assigned to the user-visible environment <code>WTEnv</code>.
</p>
<p>These stored matrices can be used in future computations by the following automatic procedure: 
</p>

<dl>
<dt>1</dt>
<dd>
<p>The <code>rmget</code> looks to see whether previous computations have been performed that might be useful.</p>
</dd>
<dt>2</dt>
<dd>
<p>If a matrix of higher order is discovered then the appropriate top-left submatrix is returned, otherwise...</p>
</dd>
<dt>3</dt>
<dd>
<p>If the right order of matrix is found it is returned, otherwise ...</p>
</dd>
<dt>4</dt>
<dd>
<p>If a matrix of <em>smaller</em> order is found it is used as the top-left submatrix of the answer. The remaining elements to the right of and below the submatrix are computed and then the whole matrix is returned, otherwise...</p>
</dd> 
<dt>5</dt>
<dd>
<p>If none are found then the whole matrix is computed in C and returned.</p>
</dd>
</dl>
<p>In this way a particular matrix for a given wavelet need only be computed once. 
</p>


<h3>Value</h3>

<p>A matrix of order (-J)x(-J) containing the inner product matrix of the discrete non-decimated autocorrelation matrices. 
</p>


<h3>RELEASE</h3>

<p>Version 3.9 Copyright Guy Nason 1998 </p>


<h3>Author(s)</h3>

<p>G P Nason</p>


<h3>References</h3>

<p>Nason, G.P., von Sachs, R. and Kroisandt, G. (1998). Wavelet processes and adaptive estimation of the evolutionary wavelet spectrum. <em>Technical Report</em>, Department of Mathematics University of Bristol/ Fachbereich Mathematik, Kaiserslautern. </p>


<h3>See Also</h3>

<p><code>ewspec</code>, <code>PsiJ</code>, <code>rmname</code>, <code>rmget</code>, <code>filter.select</code>. 
</p>


<h3>Examples</h3>

<pre><code class="language-R">#
# Let us create the 4x4 inner product matrix for the Haar wavelet.
# We'll turn on the jolly verbose messages as well. 
#
ipndacw(-4, filter.number=1, family="DaubExPhase", verbose=TRUE)
#Computing ipndacw
#Calling haarmat
#Took  0.0699999  seconds
#       -1     -2     -3     -4 
#-1 1.5000 0.7500 0.3750 0.1875
#-2 0.7500 1.7500 1.1250 0.5625
#-3 0.3750 1.1250 2.8750 2.0625
#-4 0.1875 0.5625 2.0625 5.4375
#
# If we do this again it will use the precomputed version
#
ipndacw(-4, filter.number=1, family="DaubExPhase", verbose=TRUE)
#Computing ipndacw
#Returning precomputed version: using  4 
#Took  0.08  seconds
#       -1     -2     -3     -4 
#-1 1.5000 0.7500 0.3750 0.1875
#-2 0.7500 1.7500 1.1250 0.5625
#-3 0.3750 1.1250 2.8750 2.0625
#-4 0.1875 0.5625 2.0625 5.4375
#
# Let's use a smoother wavelet from the least-asymmetric family
# and generate the 6x6 version.
#
ipndacw(-6, filter.number=10, family="DaubLeAsymm", verbose=TRUE)
#Computing ipndacw
#Took  0.95  seconds
#             -1           -2           -3           -4           -5 
#-1 1.839101e+00 3.215934e-01 4.058155e-04 8.460063e-06 4.522125e-08
#-2 3.215934e-01 3.035353e+00 6.425188e-01 7.947454e-04 1.683209e-05
#-3 4.058155e-04 6.425188e-01 6.070419e+00 1.285038e+00 1.589486e-03
#-4 8.460063e-06 7.947454e-04 1.285038e+00 1.214084e+01 2.570075e+00
#-5 4.522125e-08 1.683209e-05 1.589486e-03 2.570075e+00 2.428168e+01
#-6 5.161675e-10 8.941666e-08 3.366416e-05 3.178972e-03 5.140150e+00
#             -6 
#-1 5.161675e-10
#-2 8.941666e-08
#-3 3.366416e-05
#-4 3.178972e-03
#-5 5.140150e+00
#-6 4.856335e+01
#
</code></pre>


</div>